-0.099916 -0.108254 -0.095852 -0.093823 -0.111654 -0.102613 -0.103784 -0.106174 -0.101621 -0.101748 -0.109801 -0.095948
-0.034633 -0.040592 -0.019927 -0.033363 -0.031818 -0.023708 -0.042580 -0.028167 -0.039335 -0.023861 -0.023162 -0.033523
-0.083557 -0.086921 -0.085043 -0.085761 -0.087849 -0.092640 -0.076605 -0.089438 -0.089499 -0.074099 -0.089480 -0.085818
-0.092474 -0.094507 -0.086142 -0.074629 -0.086636 -0.090046 -0.092505 -0.074304 -0.078476 -0.079922 -0.075767 -0.088609
-0.069413 -0.067394 -0.070927 -0.071005 -0.084597 -0.078964 -0.074903 -0.067773 -0.070689 -0.068847 -0.069705 -0.067153
-0.064881 -0.074081 -0.067097 -0.060433 -0.078646 -0.071833 -0.073052 -0.056492 -0.059602 -0.061050 -0.060540 -0.061792
-0.063571 -0.057649 -0.060004 -0.069129 -0.070088 -0.055687 -0.070883 -0.068265 -0.066155 -0.063216 -0.068936 -0.062377
-0.086466 -0.097794 -0.083419 -0.086625 -0.095498 -0.090719 -0.093329 -0.081052 -0.096283 -0.086870 -0.094789 -0.091573
-0.096171 -0.087158 -0.092416 -0.099399 -0.088931 -0.093997 -0.096803 -0.084744 -0.096601 -0.088875 -0.096343 -0.096157
-0.108789 -0.118467 -0.098406 -0.110383 -0.110696 -0.107290 -0.111039 -0.106565 -0.100042 -0.096714 -0.100251 -0.098501
