0.264379 0.248876 0.263008 0.275534 0.267021 0.267381 0.268145 0.265130 0.283581 0.258686 0.262590 0.247556 0.242881 0.270923 0.274193 0.248156
0.277411 0.250607 0.275858 0.279689 0.257013 0.271654 0.269756 0.274818 0.288728 0.276509 0.275317 0.253559 0.249350 0.281315 0.262410 0.252411
0.259888 0.236429 0.267921 0.263858 0.257707 0.263675 0.263049 0.246469 0.283679 0.264226 0.249896 0.232058 0.233388 0.257373 0.261361 0.243167
0.274141 0.249502 0.267665 0.261060 0.256410 0.267168 0.264871 0.256834 0.289677 0.259806 0.255679 0.242355 0.241311 0.273490 0.258052 0.257560
0.282822 0.255541 0.281144 0.276924 0.271427 0.270477 0.272965 0.270205 0.300416 0.273006 0.270565 0.251542 0.261430 0.271968 0.262822 0.263761
0.275779 0.260139 0.265001 0.271544 0.266162 0.265329 0.264886 0.266612 0.280391 0.263100 0.270683 0.243230 0.243324 0.272616 0.274195 0.249576
0.272795 0.254717 0.274093 0.281268 0.268461 0.265441 0.267425 0.261036 0.294664 0.276582 0.260107 0.252180 0.259330 0.282977 0.267456 0.266706
0.271284 0.235528 0.253340 0.272428 0.247039 0.265042 0.267080 0.252081 0.285514 0.259288 0.250588 0.234913 0.233466 0.257253 0.263085 0.245673
0.262496 0.249623 0.265308 0.265485 0.253652 0.270460 0.268879 0.262876 0.280515 0.264331 0.269270 0.249778 0.246022 0.279636 0.262211 0.259804
0.254042 0.234217 0.266323 0.252760 0.257205 0.263818 0.263601 0.256883 0.284565 0.253366 0.258326 0.232709 0.225855 0.254171 0.261185 0.236235
0.265523 0.253357 0.265352 0.261308 0.258877 0.257039 0.266160 0.255616 0.285265 0.257667 0.260162 0.242957 0.243177 0.270717 0.266483 0.259252
0.266568 0.246103 0.257704 0.275561 0.253377 0.262092 0.258576 0.251357 0.286750 0.255615 0.270238 0.251235 0.248028 0.266718 0.259049 0.254904
